0S,0C
0 0
30022 1
30036 1
17909 1
241221 1
123718 1
14676 1
146800 1
173911 1
143494 1
117892 1
113596 1
16000 1
106755 1
308356 1
2384343 1
122873 1
141637 1
154606 1
947815 1
98012 1
267867 1
948663 1
575057 1
154585 1
20828 1
67228 1
127660 1
128455 1
9422855 1
23505 1
27128 1
180876 1
112322 1
180003 1
181445 1
105578 1
47982 1
141437 1
1241303 1
1241337 1
15126 1
155047 1
69299 1
126263 1
125451 1
158481 1
210631 1
81244 1
25185 1
60427 1
60368 1
60418 1
60289 1
48784 1
49005 1
173849 1
15212 1
289159 1
119117 1
21957 1
131236 1
91497 1
316450 1
106491 1
131181 1
394015 1
110313 1
126760 1
125912 1
115653 1
202179 1
110550 1
75028 1
469843 1
72480 1
75847 1
150657 1
885208 1
144503 1
21546 1
2587417 1
310527 1
